1.020507812500000000e-01
1.723632812500000000e-01
2.304687500000000000e-01
2.827148437500000000e-01
3.354492187500000000e-01
3.803710937500000000e-01
4.208984375000000000e-01
4.516601562500000000e-01
4.785156250000000000e-01
5.029296875000000000e-01
5.263671875000000000e-01
5.561523437500000000e-01
5.844726562500000000e-01
6.015625000000000000e-01
6.098632812500000000e-01
6.357421875000000000e-01
6.601562500000000000e-01
6.767578125000000000e-01
6.987304687500000000e-01
7.045898437500000000e-01
7.319335937500000000e-01
7.485351562500000000e-01
7.563476562500000000e-01
7.724609375000000000e-01
7.822265625000000000e-01
7.880859375000000000e-01
7.983398437500000000e-01
7.973632812500000000e-01
8.012695312500000000e-01
8.022460937500000000e-01
8.154296875000000000e-01
8.300781250000000000e-01
8.417968750000000000e-01
8.569335937500000000e-01
8.691406250000000000e-01
8.803710937500000000e-01
8.901367187500000000e-01
8.920898437500000000e-01
9.003906250000000000e-01
9.096679687500000000e-01
9.208984375000000000e-01
9.272460937500000000e-01
9.326171875000000000e-01
9.414062500000000000e-01
9.418945312500000000e-01
9.497070312500000000e-01
9.565429687500000000e-01
9.682617187500000000e-01
9.726562500000000000e-01
9.721679687500000000e-01
9.765625000000000000e-01
9.819335937500000000e-01
9.853515625000000000e-01
9.868164062500000000e-01
9.902343750000000000e-01
9.916992187500000000e-01
9.916992187500000000e-01
9.946289062500000000e-01
9.970703125000000000e-01
9.970703125000000000e-01
9.980468750000000000e-01
9.990234375000000000e-01
9.995117187500000000e-01
9.985351562500000000e-01
9.985351562500000000e-01
9.990234375000000000e-01
9.990234375000000000e-01
9.990234375000000000e-01
9.995117187500000000e-01
9.980468750000000000e-01
9.980468750000000000e-01
9.985351562500000000e-01
9.980468750000000000e-01
9.995117187500000000e-01
9.990234375000000000e-01
1.000000000000000000e+00
9.995117187500000000e-01
9.995117187500000000e-01
9.995117187500000000e-01
9.980468750000000000e-01
9.985351562500000000e-01
9.980468750000000000e-01
9.990234375000000000e-01
9.975585937500000000e-01
9.990234375000000000e-01
9.980468750000000000e-01
9.990234375000000000e-01
9.995117187500000000e-01
9.995117187500000000e-01
9.980468750000000000e-01
9.985351562500000000e-01
9.990234375000000000e-01
9.985351562500000000e-01
9.985351562500000000e-01
9.975585937500000000e-01
9.985351562500000000e-01
9.980468750000000000e-01
9.985351562500000000e-01
9.990234375000000000e-01
1.000000000000000000e+00
