9.863281250000000000e-02
1.328125000000000000e-01
1.782226562500000000e-01
2.246093750000000000e-01
2.734375000000000000e-01
3.334960937500000000e-01
3.740234375000000000e-01
3.950195312500000000e-01
4.272460937500000000e-01
4.604492187500000000e-01
5.073242187500000000e-01
5.346679687500000000e-01
5.610351562500000000e-01
5.957031250000000000e-01
6.162109375000000000e-01
6.445312500000000000e-01
6.606445312500000000e-01
6.791992187500000000e-01
6.953125000000000000e-01
7.128906250000000000e-01
7.290039062500000000e-01
7.514648437500000000e-01
7.719726562500000000e-01
7.875976562500000000e-01
7.963867187500000000e-01
8.149414062500000000e-01
8.242187500000000000e-01
8.427734375000000000e-01
8.505859375000000000e-01
8.657226562500000000e-01
8.784179687500000000e-01
8.837890625000000000e-01
8.925781250000000000e-01
8.964843750000000000e-01
9.003906250000000000e-01
9.052734375000000000e-01
9.116210937500000000e-01
9.160156250000000000e-01
9.228515625000000000e-01
9.277343750000000000e-01
9.384765625000000000e-01
9.487304687500000000e-01
9.584960937500000000e-01
9.672851562500000000e-01
9.760742187500000000e-01
9.814453125000000000e-01
9.838867187500000000e-01
9.858398437500000000e-01
9.873046875000000000e-01
9.912109375000000000e-01
9.956054687500000000e-01
9.980468750000000000e-01
9.995117187500000000e-01
9.990234375000000000e-01
9.980468750000000000e-01
9.980468750000000000e-01
9.985351562500000000e-01
9.980468750000000000e-01
9.985351562500000000e-01
9.985351562500000000e-01
1.000000000000000000e+00
9.990234375000000000e-01
1.000000000000000000e+00
9.985351562500000000e-01
9.995117187500000000e-01
9.990234375000000000e-01
9.990234375000000000e-01
9.995117187500000000e-01
9.980468750000000000e-01
9.995117187500000000e-01
9.990234375000000000e-01
9.995117187500000000e-01
9.995117187500000000e-01
9.995117187500000000e-01
9.990234375000000000e-01
9.995117187500000000e-01
9.970703125000000000e-01
9.980468750000000000e-01
9.980468750000000000e-01
9.980468750000000000e-01
9.985351562500000000e-01
9.990234375000000000e-01
9.985351562500000000e-01
1.000000000000000000e+00
9.995117187500000000e-01
9.985351562500000000e-01
9.990234375000000000e-01
9.980468750000000000e-01
9.990234375000000000e-01
9.990234375000000000e-01
9.985351562500000000e-01
9.990234375000000000e-01
9.995117187500000000e-01
9.985351562500000000e-01
9.975585937500000000e-01
9.980468750000000000e-01
9.995117187500000000e-01
9.980468750000000000e-01
9.980468750000000000e-01
9.990234375000000000e-01
