6.377551020408163407e-03
5.803571428571428770e-02
1.116071428571428631e-01
1.600765306122448883e-01
1.957908163265306145e-01
2.270408163265306145e-01
2.608418367346938549e-01
2.914540816326530726e-01
3.042091836734693855e-01
3.367346938775510057e-01
3.494897959183673741e-01
3.507653061224489943e-01
3.801020408163265363e-01
3.922193877551020669e-01
3.915816326530612290e-01
4.068877551020408379e-01
4.266581632653061451e-01
4.177295918367346927e-01
4.260204081632653073e-01
4.457908163265306145e-01
4.515306122448979331e-01
4.789540816326530726e-01
5.038265306122449161e-01
5.057397959183673741e-01
5.114795918367347483e-01
5.293367346938775420e-01
5.440051020408163129e-01
5.599489795918367596e-01
5.739795918367347483e-01
5.720663265306122902e-01
5.848214285714286031e-01
6.014030612244898322e-01
6.052295918367347483e-01
6.173469387755101678e-01
6.301020408163264808e-01
6.345663265306122902e-01
6.441326530612244694e-01
6.639030612244898322e-01
6.664540816326530726e-01
6.734693877551020114e-01
6.811224489795918435e-01
6.817602040816326259e-01
6.862244897959183243e-01
6.753826530612244694e-01
6.728316326530612290e-01
6.830357142857143016e-01
7.021683673469387710e-01
7.021683673469387710e-01
7.168367346938775420e-01
7.295918367346938549e-01
7.480867346938775420e-01
7.595663265306122902e-01
7.684948979591836871e-01
7.774234693877550839e-01
7.831632653061224580e-01
7.920918367346938549e-01
8.022959183673469274e-01
8.150510204081632404e-01
8.265306122448979886e-01
8.246173469387755306e-01
8.354591836734693855e-01
8.450255102040816757e-01
8.418367346938775420e-01
8.475765306122449161e-01
8.545918367346938549e-01
8.692602040816326259e-01
8.730867346938775420e-01
8.769132653061224580e-01
8.903061224489795533e-01
8.985969387755101678e-01
9.100765306122449161e-01
9.241071428571429047e-01
9.304846938775510612e-01
9.362244897959183243e-01
9.432397959183673741e-01
9.502551020408163129e-01
9.591836734693877098e-01
9.693877551020407823e-01
9.744897959183673741e-01
9.789540816326530726e-01
9.808673469387755306e-01
9.815051020408163129e-01
9.808673469387755306e-01
9.802295918367347483e-01
9.795918367346938549e-01
9.795918367346938549e-01
9.815051020408163129e-01
9.815051020408163129e-01
9.815051020408163129e-01
9.872448979591836871e-01
9.910714285714286031e-01
9.929846938775510612e-01
9.948979591836735192e-01
9.948979591836735192e-01
9.961734693877550839e-01
9.974489795918367596e-01
9.974489795918367596e-01
9.974489795918367596e-01
9.968112244897958663e-01
9.968112244897958663e-01
