3.601074218750000000e-02
7.666015625000000000e-02
1.271972656250000000e-01
1.776123046875000000e-01
2.128906250000000000e-01
2.512207031250000000e-01
3.007812500000000000e-01
3.397216796875000000e-01
3.632812500000000000e-01
3.907470703125000000e-01
4.191894531250000000e-01
4.493408203125000000e-01
4.677734375000000000e-01
4.851074218750000000e-01
5.072021484375000000e-01
5.373535156250000000e-01
5.590820312500000000e-01
5.740966796875000000e-01
5.920410156250000000e-01
6.118164062500000000e-01
6.295166015625000000e-01
6.470947265625000000e-01
6.625976562500000000e-01
6.805419921875000000e-01
6.968994140625000000e-01
7.117919921875000000e-01
7.275390625000000000e-01
7.423095703125000000e-01
7.602539062500000000e-01
7.733154296875000000e-01
7.890625000000000000e-01
7.967529296875000000e-01
8.082275390625000000e-01
8.171386718750000000e-01
8.226318359375000000e-01
8.266601562500000000e-01
8.370361328125000000e-01
8.455810546875000000e-01
8.553466796875000000e-01
8.642578125000000000e-01
8.768310546875000000e-01
8.797607421875000000e-01
8.846435546875000000e-01
8.892822265625000000e-01
8.951416015625000000e-01
9.010009765625000000e-01
9.050292968750000000e-01
9.075927734375000000e-01
9.102783203125000000e-01
9.138183593750000000e-01
9.199218750000000000e-01
9.243164062500000000e-01
9.270019531250000000e-01
9.312744140625000000e-01
9.350585937500000000e-01
9.371337890625000000e-01
9.383544921875000000e-01
9.443359375000000000e-01
9.458007812500000000e-01
9.484863281250000000e-01
9.512939453125000000e-01
9.564208984375000000e-01
9.594726562500000000e-01
9.598388671875000000e-01
9.599609375000000000e-01
9.621582031250000000e-01
9.638671875000000000e-01
9.671630859375000000e-01
9.676513671875000000e-01
9.674072265625000000e-01
9.683837890625000000e-01
9.683837890625000000e-01
9.689941406250000000e-01
9.716796875000000000e-01
9.748535156250000000e-01
9.769287109375000000e-01
9.790039062500000000e-01
9.808349609375000000e-01
9.821777343750000000e-01
9.830322265625000000e-01
9.849853515625000000e-01
9.860839843750000000e-01
9.875488281250000000e-01
9.888916015625000000e-01
9.896240234375000000e-01
9.897460937500000000e-01
9.919433593750000000e-01
9.925537109375000000e-01
9.945068359375000000e-01
9.948730468750000000e-01
9.953613281250000000e-01
9.952392578125000000e-01
9.954833984375000000e-01
9.964599609375000000e-01
9.976806640625000000e-01
9.974365234375000000e-01
9.964599609375000000e-01
9.978027343750000000e-01
9.976806640625000000e-01
9.980468750000000000e-01
